Gregorian date / default : 11¿ù  
md 01 02 03 04 05 06 07 08 09 10 11 12 13 14 15 16 17 18 19 20 21 22 23 24 25 26 27 28 29 30 31 
01 11 12 13 14 15 16 17 18 19 20 21 22 23 24 25 26 27 28 29 01 02 03 04 05 06 07 08 09 10 11 12 
02 13 14 15 16 17 18 19 20 21 22 23 24 25 26 27 28 29 30 01 02 03 04 05 06 07 08 09 10 
03 11 12 13 14 15 16 17 18 19 20 21 22 23 24 25 26 27 28 29 01 02 03 04 05 06 07 08 09 10 11 12 
04 13 14 15 16 17 18 19 20 21 22 23 24 25 26 27 28 29 30 01 02 03 04 05 06 07 08 09 10 11 12 
05 13 14 15 16 17 18 19 20 21 22 23 24 25 26 27 28 29 01 02 03 04 05 06 07 08 09 10 11 12 13 14 
06 15 16 17 18 19 20 21 22 23 24 25 26 27 28 29 01 02 03 04 05 06 07 08 09 10 11 12 13 14 15 
07 16 17 18 19 20 21 22 23 24 25 26 27 28 29 30 01 02 03 04 05 06 07 08 09 10 11 12 13 14 15 16 
08 17 18 19 20 21 22 23 24 25 26 27 28 29 01 02 03 04 05 06 07 08 09 10 11 12 13 14 15 16 17 18 
09 19 20 21 22 23 24 25 26 27 28 29 30 01 02 03 04 05 06 07 08 09 10 11 12 13 14 15 16 17 18 
10 19 20 21 22 23 24 25 26 27 28 29 01 02 03 04 05 06 07 08 09 10 11 12 13 14 15 16 17 18 19 20 
11 21 22 23 24 25 26 27 28 29 30 01 02 03 04 05 06 07 08 09 10 11 12 13 14 15 16 17 18 19 20 
12 21 22 23 24 25 26 27 28 29 30 01 02 03 04 05 06 07 08 09 10 11 12 13 14 15 16 17 18 19 20 21 